----- Initial condition -----
MU [m^3/s^-2]:  3.9860047E14
Initial date:   2000-01-01T12:08:39.816Z
Propagator:     org.orekit.propagation.analytical.KeplerianPropagator@5702b3b1
Frame:  EME2000
Position [m]:   {7,000,000; 1,000,000; 4,000,000}
Velocity [m/s]:         {-500; 8,000; 1,000}
Initial covariance: 
 1.000000000e+05  0.000000000e+00  0.000000000e+00  0.000000000e+00  0.000000000e+00  0.000000000e+00 
 0.000000000e+00  1.000000000e+05  0.000000000e+00  0.000000000e+00  0.000000000e+00  0.000000000e+00 
 0.000000000e+00  0.000000000e+00  1.000000000e+05  0.000000000e+00  0.000000000e+00  0.000000000e+00 
 0.000000000e+00  0.000000000e+00  0.000000000e+00  1.000000000e-01  0.000000000e+00  0.000000000e+00 
 0.000000000e+00  0.000000000e+00  0.000000000e+00  0.000000000e+00  1.000000000e-01  0.000000000e+00 
 0.000000000e+00  0.000000000e+00  0.000000000e+00  0.000000000e+00  0.000000000e+00  1.000000000e-01 

Target date:    2000-01-01T15:50:04.36035985407872Z
Propagation duration [s]:       13284.544359854079
----- Propagation -----
STM at 2000-01-01T15:50:04.36035985407872Z
 4.153870507e+00  4.505529296e-01  1.802211718e+00 -3.030357867e+02  4.848572587e+03  6.060715734e+02 
-5.046192811e+01 -6.208846873e+00 -2.883538749e+01  4.848572587e+03 -7.757716140e+04 -9.697145174e+03 
-6.307741014e+00 -9.011058592e-01 -2.604423437e+00  6.060715734e+02 -9.697145174e+03 -1.212143147e+03 
 3.282417329e-02  4.689167613e-03  1.875667045e-02 -2.153870507e+00  5.046192811e+01  6.307741014e+00
 4.689167613e-03  6.698810875e-04  2.679524350e-03 -4.505529296e-01  8.208846873e+00  9.011058592e-01
 1.875667045e-02  2.679524350e-03  1.071809740e-02 -1.802211718e+00  2.883538749e+01  4.604423437e+00

Predicted covariance through multiplication of STM with init Cov:
 4.467341478e+06 -6.478621555e+07 -7.923687683e+06  4.214075385e+04  6.509294035e+03  2.415835426e+04
-6.478621555e+07  9.552194791e+08  1.165965067e+08 -6.212644676e+05 -9.657904827e+04 -3.562550430e+05
-7.923687683e+06  1.165965067e+08  1.432538482e+07 -7.584100601e+04 -1.181280211e+04 -4.349356469e+04
 4.214075385e+04 -6.212644676e+05 -7.584100601e+04  4.042060275e+02  6.282068061e+01  2.317287253e+02
 6.509294035e+03 -9.657904827e+04 -1.181280211e+04  6.282068061e+01  9.801704101e+00  3.601338824e+01
 2.415835426e+04 -3.562550430e+05 -4.349356469e+04  2.317287253e+02  3.601338824e+01  1.329798403e+02

Gamma
 8.823955942e+07  0.000000000e+00  0.000000000e+00
 0.000000000e+00  8.823955942e+07  0.000000000e+00
 0.000000000e+00  0.000000000e+00  8.823955942e+07
 1.328454436e+04  0.000000000e+00  0.000000000e+00
 0.000000000e+00  1.328454436e+04  0.000000000e+00
 0.000000000e+00  0.000000000e+00  1.328454436e+04

Process noise Q:
 1.000000000e-12  0.000000000e+00  0.000000000e+00
 0.000000000e+00  1.000000000e-12  0.000000000e+00
 0.000000000e+00  0.000000000e+00  1.000000000e-12

Mapped unmodelled accelerations:
 7.786219847e+03  0.000000000e+00  0.000000000e+00  1.172222341e+00  0.000000000e+00  0.000000000e+00
 0.000000000e+00  7.786219847e+03  0.000000000e+00  0.000000000e+00  1.172222341e+00  0.000000000e+00
 0.000000000e+00  0.000000000e+00  7.786219847e+03  0.000000000e+00  0.000000000e+00  1.172222341e+00
 1.172222341e+00  0.000000000e+00  0.000000000e+00  1.764791188e-04  0.000000000e+00  0.000000000e+00
 0.000000000e+00  1.172222341e+00  0.000000000e+00  0.000000000e+00  1.764791188e-04  0.000000000e+00
 0.000000000e+00  0.000000000e+00  1.172222341e+00  0.000000000e+00  0.000000000e+00  1.764791188e-04

Predicted covariance incl unmodelled accelerations (i.e. including process noise):
 4.475127698e+06 -6.478621555e+07 -7.923687683e+06  4.214192608e+04  6.509294035e+03  2.415835426e+04
-6.478621555e+07  9.552272653e+08  1.165965067e+08 -6.212644676e+05 -9.657787605e+04 -3.562550430e+05
-7.923687683e+06  1.165965067e+08  1.433317104e+07 -7.584100601e+04 -1.181280211e+04 -4.349239247e+04
 4.214192608e+04 -6.212644676e+05 -7.584100601e+04  4.042062040e+02  6.282068061e+01  2.317287253e+02
 6.509294035e+03 -9.657787605e+04 -1.181280211e+04  6.282068061e+01  9.801880580e+00  3.601338824e+01
 2.415835426e+04 -3.562550430e+05 -4.349239247e+04  2.317287253e+02  3.601338824e+01  1.329800168e+02

Propagated state vector [m] or [m/s]
 7.000000000e+06
 1.000000000e+06
 4.000000000e+06
-5.000000000e+02
 8.000000000e+03
 1.000000000e+03

----- Measurement update -----
Measurement frame:      Topocentric
Measured right ascension [rad]:         0.14189674600910263
Measured declination [rad]:     0.5252632881081777
Measurement epoch:      2000-01-01T15:50:04.36035985407872Z
Observation matrix H:
-9.334095585e-08  6.533881312e-07  0.000000000e+00  0.000000000e+00  0.000000000e+00  0.000000000e+00
-2.834675777e-07 -4.049527898e-08  4.940639002e-07  0.000000000e+00  0.000000000e+00  0.000000000e+00

Kalman Gain
-5.248029847e+04 -8.507082915e+05
 1.522983056e+06 -1.214692413e+05
 9.479851721e+04  1.524636114e+06
-9.806838843e+02 -8.729564836e+01
-1.528506435e+02 -6.657915855e+00
-5.637164767e+02 -2.708954257e+01

---- After Kalman update: -----
Frame:  Topocentric
Date:   2000-01-01T15:50:04.36035985407872Z
Updated state:
 7.000000000e+06
 1.000000000e+06
 4.000000000e+06
-5.000000000e+02
 8.000000000e+03
 1.000000000e+03

Updated state covariance
 5.402139881e+04  7.715437798e+03  3.158651844e+04 -4.062297642e+00 -4.184765975e+01 -8.887067576e+00
 7.715437798e+03  1.156989368e+03  4.515760025e+03 -6.156051795e-01 -5.983722439e+00 -1.289856904e+00
 3.158651844e+04  4.515760025e+03  1.856532417e+04 -2.385340451e+00 -2.450072498e+01 -5.205936632e+00
-4.062297642e+00 -6.156051795e-01 -2.385340451e+00  1.451090187e-01  1.174814384e-02  2.653099702e-02
-4.184765975e+01 -5.983722439e+00 -2.450072498e+01  1.174814384e-02  3.859792809e-02 -3.367440602e-03
-8.887067576e+00 -1.289856904e+00 -5.205936632e+00  2.653099702e-02 -3.367440602e-03  1.141828017e-01